0	0.333645	-1.082922	-0.991149	-0.338301	-0.887413
1	-0.099792	-1.765204	-0.213947	-0.488699	-0.888060
2	1.879996	-2.218105	0.599824	-0.521564	-0.832392
3	1.445030	-1.013060	0.638373	-0.611662	-0.721229
4	0.704832	-1.257258	1.083656	-0.221123	-0.691802
5	1.812037	0.571002	0.514899	-0.270012	-0.737249
6	0.252997	-1.545553	1.240944	-0.460254	-0.733835
7	-0.616758	-1.981260	1.013825	0.067963	-0.955523
8	-1.618781	-1.093555	-0.067778	-0.141179	-1.061888
9	-1.360489	-2.830664	0.200421	-0.298403	-1.055635
10	-0.468398	-1.445881	0.695557	-0.742503	-1.105089
11	0.069122	-1.709986	-0.145797	-0.548504	-1.149143
12	-0.129050	-0.919407	-0.626387	-0.261672	-1.351956
13	1.108055	-1.632146	0.886461	-0.238607	-1.312268
14	-0.602159	-0.772314	1.651546	-0.161030	-1.190148
15	0.370734	0.506649	1.077124	0.379921	-1.072853
16	-0.278729	0.291394	1.027971	-0.103017	-0.915677
17	1.083864	-0.309280	0.281888	-0.470213	-0.848314
18	0.476227	1.223819	0.050746	0.086507	-1.042904
19	1.149352	-0.879226	-0.522202	0.088217	-0.989533
20	-0.834030	-1.151213	0.041379	0.100073	-0.965428
21	0.653889	-0.831593	-0.789850	-0.270199	-0.985873
22	0.767301	-0.074503	0.282794	-0.139703	-0.969474
23	-0.068898	-0.581373	0.384534	-0.496715	-1.142492
24	-0.710384	-0.867908	-0.138260	-0.264039	-1.361687
25	-0.869829	-2.131124	-0.997748	-0.330625	-1.275135
26	-1.617884	-1.504003	0.002696	-0.644948	-1.166923
27	1.392981	-2.266490	-0.652465	-0.537400	-1.082260
28	1.802063	-1.243249	-0.550202	-0.627704	-0.927105
29	-0.160842	0.620675	0.204752	-0.218239	-1.022684
30	0.361575	0.520630	-1.031011	-0.210569	-0.908403
31	-0.508960	0.377795	-0.388590	-0.485245	-0.774496
32	0.581040	-0.141109	-0.702469	-0.326712	-0.717592
33	-1.226470	0.130769	-0.581278	-0.484134	-0.672041
34	0.956088	0.123996	1.062141	-0.510717	-0.562181
35	1.289852	0.063035	0.496720	-0.376156	-0.326742
36	-0.890988	-1.273024	0.063608	0.089442	-0.382875
37	-0.311450	-0.460157	-1.079562	-0.051890	-0.232848
38	-0.485942	-1.919886	0.849859	0.456863	-0.128108
39	-0.340163	-0.484180	0.561328	0.037260	-0.093625
40	0.293446	1.639059	0.574315	0.030692	-0.186941
41	0.521804	1.086694	0.110610	0.655759	-0.359934
42	-0.315848	-1.301019	1.044393	1.131182	-0.533310
43	0.447745	-1.125766	1.381484	0.924803	-0.690241
44	1.406970	-1.735034	0.499800	0.727757	-0.550926
45	1.191859	-2.856274	0.888192	0.686709	-0.410706
46	-0.702194	-2.844682	0.234183	1.019592	-0.364302
47	0.045577	-1.235677	1.707366	1.045045	-0.502841
48	0.267568	-0.503848	1.072498	0.783370	-0.371827
49	-0.556855	-1.423190	0.938703	0.832451	-0.271739
50	0.099727	-1.062471	0.787152	0.791567	-0.202776
51	1.148810	-0.016518	0.298891	0.669502	-0.212860
52	0.198467	-0.375477	0.436333	1.113122	-0.126650
53	-1.643716	-0.378410	0.219603	1.472261	-0.192268
54	0.680983	-0.756305	1.159996	1.018068	-0.100630
55	-0.404583	-0.359674	1.362448	1.013391	-0.086400
56	-0.050981	-1.201482	0.220951	0.728257	0.124692
57	-0.127526	-0.154370	0.520593	0.969472	0.181528
58	0.472842	1.166759	1.290814	0.902015	0.187307
59	-0.329345	1.564406	0.458255	0.823067	0.264267
60	-0.075870	1.507426	0.457400	0.507912	0.345392
61	-0.005133	1.030241	0.359752	0.825727	0.397816
62	0.148626	0.068711	-0.180097	0.737194	0.427413
63	-1.488288	2.187040	-1.420771	1.116517	0.445241
64	0.712843	0.753257	-1.254657	1.084377	0.501461
65	0.627204	-0.402527	-0.297603	0.767622	0.489268
66	0.960413	0.362721	-0.802019	0.688503	0.454771
67	-0.466340	1.085346	-0.638945	0.662079	0.455589
68	1.672080	2.299371	0.994604	0.918134	0.451885
69	-0.267179	0.822003	0.355571	0.756393	0.448426
70	1.464643	-0.108849	1.197186	0.901814	0.640348
71	1.457140	0.302289	0.237596	1.262188	0.749812
72	-0.255847	0.126155	0.082373	1.236449	0.785588
73	0.209488	-1.106957	0.505835	0.739018	0.803631
74	-1.805008	0.178710	1.356831	0.246949	1.021707
75	0.839338	-0.252356	0.478975	0.122986	1.233088
76	-0.559915	0.144462	-0.246570	-0.169240	1.136096
77	0.156133	-0.587564	0.344834	-0.162319	0.941889
78	-1.375924	1.973704	0.378249	-0.053882	0.976130
79	0.707014	0.053367	-0.022525	-0.195511	0.832390
80	-0.229798	-1.196598	-0.019315	0.106402	0.731370
81	0.892028	-1.027321	0.341788	0.072532	0.554343
82	-0.161911	-0.317214	-0.856444	-0.137419	0.708402
83	-0.125712	0.268951	-1.105145	-0.479100	0.741573
84	-2.856268	-1.398213	0.323662	-0.817982	0.658228
85	1.137407	-0.968683	-0.183106	-0.664150	0.736749
86	-0.129383	-0.271134	0.507089	-0.907820	0.721857
87	-0.306921	-0.614924	-0.483088	-1.048323	0.565067
88	-0.413342	-0.105157	-1.582721	-0.681149	0.569263
89	-0.007488	-0.399221	-1.215636	-0.846880	0.402437
90	-0.107664	-1.455729	-0.626607	-1.259849	0.406093
91	0.166111	-1.370827	-0.244105	-1.310707	0.406591
92	-1.503431	-0.438178	-1.087387	-1.395316	0.400723
93	-0.732211	-2.118272	-0.761057	-1.300365	0.438608
94	-0.296294	-1.040980	0.046906	-1.029830	0.430014
95	-0.195990	-1.483882	0.186740	-0.923419	0.450157
96	-0.398280	-1.758434	-1.019111	-0.731156	0.407183
97	-0.619634	-0.857332	-0.553572	-0.913652	0.396079
98	-0.104291	-1.706828	-0.566234	-0.845923	0.440935
99	-1.364866	-0.271724	-0.325872	-1.133716	0.339622
100	-0.168439	0.724665	0.664431	-0.852453	0.303290
101	-0.705314	1.183363	0.479628	-0.970418	0.306667
102	-0.017821	-0.301758	0.507805	-1.144630	0.224951
103	-0.132021	0.609154	0.561349	-1.271930	0.122060
104	0.455352	0.692697	-0.015387	-1.336137	0.114102
105	0.947162	-0.828917	-0.337335	-1.484761	0.140635
106	-1.117632	0.017801	0.419492	-1.788459	0.316366
107	-1.286393	-1.447318	0.170090	-1.568669	0.288959
108	-0.056360	0.726473	0.012629	-1.261741	0.296114
109	0.378523	-1.356138	0.758051	-1.409567	0.370544
110	-0.404149	1.290789	0.285091	-1.626755	0.419176
111	-1.137556	0.292155	0.567539	-1.350328	0.458639
112	-1.146070	0.559142	0.982907	-1.794392	0.331835
113	1.201552	0.737494	0.221140	-1.762167	0.365252
114	-2.353021	-0.873967	-0.164626	-1.902799	0.618944
115	-0.109613	-0.034585	0.425282	-2.043471	0.756659
116	-1.437478	0.474742	-0.294748	-2.378762	0.513463
117	1.463393	0.856718	-1.484068	-2.134304	0.483240
118	0.197699	0.351114	0.148313	-1.569939	0.642339
119	0.845181	-0.150590	-0.168689	-1.069726	0.669699
120	-0.402745	-0.757001	-0.100133	-1.291959	0.784143
121	-0.985803	-0.671745	-0.214888	-1.230266	0.829405
122	0.199446	-1.569295	-0.125138	-0.810027	0.785698
123	-1.041767	-0.523583	0.563065	-0.793691	0.661268
124	-0.673827	0.425189	0.591034	-0.685574	0.669656
125	0.044887	0.177958	-0.007223	-0.553117	0.461047
126	0.750994	-0.971630	0.893903	-0.584133	0.560555
127	-0.789003	-0.677084	0.053817	-0.586862	0.499272
128	-0.859116	-0.077322	0.241399	-0.719007	0.321225
129	0.842449	-0.893597	-0.223879	-0.400330	0.236670
130	-0.702164	0.183445	-0.924329	-0.172263	0.339033
131	0.584807	0.216468	-2.753475	0.247093	0.282738
132	0.688811	1.333793	-1.755435	0.541825	0.273353
133	-1.183102	0.175277	-1.920533	0.130793	0.118206
134	-1.886428	0.018898	-1.500421	0.250893	-0.023576
135	1.371575	1.346570	-0.424887	-0.346215	-0.164499
136	0.434219	-1.008936	-0.317705	0.120472	-0.150752
137	0.279139	-0.094068	-0.788874	0.193951	-0.286376
138	0.964457	-1.645216	-0.468448	-0.107810	-0.441318
139	2.028729	-0.340011	-0.411703	-0.393420	-0.542808
140	-0.286056	-0.042912	-0.807618	-0.558104	-0.568884
141	-0.026286	0.993807	-0.070362	-0.523470	-0.544288
142	-0.115057	0.095832	-0.555803	0.059284	-0.645478
143	0.352310	0.342661	-1.111398	0.482099	-0.603033
144	0.339335	-0.620281	-0.952031	0.559702	-0.676284
145	-1.795894	-0.273568	-1.706077	0.593772	-0.754467
146	1.467185	-0.357567	-1.260366	0.494559	-0.801082
147	1.181388	0.293366	-0.778626	0.431542	-0.799396
148	0.097967	1.804747	-0.609896	0.320526	-0.873489
149	0.073024	-1.381862	-0.579354	0.346789	-0.794766
150	0.883883	0.563184	0.440933	0.189519	-0.868778
151	1.061077	1.142301	-0.499197	0.566659	-0.937131
152	0.902368	-0.440471	-0.567323	0.726640	-0.990951
153	1.731421	-0.318615	-0.708979	0.896231	-0.940566
154	-1.859713	1.217632	-2.429353	0.871703	-0.863114
155	-0.305027	1.506302	-1.843966	0.779241	-0.835949
156	-0.419100	-0.327460	-0.610284	0.560753	-0.907994
157	-0.532519	1.292515	-1.581055	0.880141	-0.894374
158	1.987251	-0.254536	-1.191081	0.611240	-0.887918
159	-0.467518	0.680484	-1.649145	0.605222	-0.714715
160	-0.864042	-0.087463	-0.067750	0.707187	-0.563373
161	-0.203237	1.602368	0.309783	1.132084	-0.384210
162	1.374490	1.723223	0.479166	0.968952	-0.313326
163	0.924277	-0.221838	-0.585678	1.139183	-0.268795
164	0.662079	-1.399251	-0.916333	1.420280	-0.312187
165	0.596330	0.261641	-0.836229	1.525821	-0.214068
166	0.825954	0.550802	-1.611178	1.259911	-0.065104
167	-0.206426	-0.292692	-1.803814	1.218675	-0.104579
168	0.647576	1.336675	-1.058909	1.446187	-0.034592
169	-1.033901	0.573934	-0.103505	1.013109	0.099443
170	0.273510	-0.156161	-0.322594	0.880244	0.179723
171	0.111082	-0.126712	-0.138410	0.777666	0.233081
172	-0.099733	-1.141588	-0.335461	0.147272	0.193203
173	-3.785589	-1.172733	-1.785314	0.422262	0.144158
174	-0.258000	-0.666300	-1.218872	0.812655	0.036749
175	-0.479476	0.816601	-1.347820	1.001032	-0.141785
176	0.166232	0.021939	-1.147837	0.599107	-0.205711
177	-1.754623	-1.503885	-0.695983	0.394379	-0.219238
178	1.376753	1.062157	-1.452594	-0.173746	-0.281336
179	0.143699	-0.940926	-1.188751	0.114068	-0.306053
180	0.022204	-0.345818	-0.537860	0.651723	-0.315226
181	-0.392347	-0.835635	-1.535519	0.950519	-0.486689
182	-1.032544	-1.382632	-1.224061	1.047906	-0.616328
183	0.210536	1.548259	-1.293860	1.436547	-0.511483
184	0.902624	-2.459256	0.151514	1.502604	-0.592092
185	2.543467	0.259266	0.764812	1.782933	-0.583409
186	-0.539307	-1.032562	-0.165970	1.408001	-0.606709
187	-0.351382	-1.937380	-1.105008	1.208935	-0.776687
188	0.149638	-3.026608	-1.418388	1.138247	-0.850293
189	-0.353783	-1.137759	-0.597633	1.455833	-0.915004
190	1.339723	-0.244876	0.359394	1.220212	-0.936414
191	1.383328	-0.078447	-0.399635	0.826455	-0.914561
192	0.335922	0.357229	0.109632	1.300529	-0.895998
193	0.497172	-1.320459	-0.158103	1.251245	-0.911901
194	0.529428	-0.211606	-0.529946	1.275198	-1.024877
195	-0.590356	-0.661096	-0.846892	1.474108	-1.106312
196	-0.572572	-1.061252	-0.490789	1.396821	-1.129031
197	-0.130679	-0.170712	0.199051	1.404653	-1.172115
198	-2.442537	-0.450703	0.681199	1.562051	-1.167244
199	0.687477	-0.199520	-1.039684	1.407709	-1.327876
200	-0.644301	0.106850	-0.754512	1.490782	-1.325582
201	-0.319239	-0.519794	-0.274573	2.236676	-1.272191
202	0.241612	-0.446331	-1.339306	2.582937	-1.238190
203	0.098378	-1.040565	-1.568805	2.506694	-1.161648
204	1.645327	0.998954	-1.508193	2.072920	-1.278438
205	0.464940	-0.076357	-1.014342	2.386897	-1.293997
206	0.699696	0.759874	-0.625188	2.319124	-1.387375
207	-0.192389	-0.673048	-0.403462	1.790675	-1.416328
208	-1.164067	-0.471817	-0.434740	1.586349	-1.480096
209	-0.889410	0.219781	-0.202293	1.751273	-1.569926
210	-0.209284	-1.745790	0.548997	1.820383	-1.641474
211	-0.319646	-1.027152	-0.552137	1.564391	-1.810795
212	0.191317	-1.206158	-0.567328	2.192902	-1.699178
213	-0.510389	-1.007576	-0.327316	1.990488	-1.692839
214	0.178604	-0.053752	-0.661878	1.862266	-1.753849
215	1.426679	-0.772028	-0.876897	2.128381	-1.857395
216	1.381642	-1.036336	0.193828	1.907922	-1.865063
217	1.025943	-2.225355	-0.411321	2.265931	-1.884077
218	-0.402428	-0.250544	0.115547	2.396395	-2.004091
219	-1.410824	-1.084449	0.939154	2.119555	-1.828737
220	-0.195309	-2.786543	1.201001	2.414115	-1.712457
221	2.766993	-1.354543	1.090690	2.440700	-1.868496
222	0.112730	0.265336	-0.160914	2.261186	-2.007930
223	0.842499	-1.404982	-1.269202	2.653103	-1.766018
224	0.526274	0.808866	0.136521	2.511759	-1.526813
225	0.734518	0.105710	0.147771	2.115954	-1.637101
226	-0.748554	1.461230	-0.097852	2.718175	-1.613024
227	0.814365	-0.400255	0.620818	2.693084	-1.638806
228	0.242978	0.673561	1.239472	2.023905	-1.597563
229	0.859366	-1.491370	1.061929	2.068368	-1.565718
230	1.209030	-2.227624	0.606979	2.088204	-1.434487
231	0.414819	-1.148020	0.798901	2.306124	-1.420765
232	0.566941	-0.808629	0.699843	2.426472	-1.383871
233	1.524734	-1.580380	0.308607	2.134924	-1.462641
234	0.200126	-1.388902	-0.490131	1.981190	-1.512182
235	-1.085277	-1.828517	-1.308397	2.332584	-1.503971
236	0.975768	-0.918667	0.224061	1.996508	-1.500108
237	-0.496587	-0.530696	0.671985	1.707031	-1.533064
238	0.006601	-0.701646	0.853619	1.763338	-1.711684
239	0.797561	-0.656208	0.582030	1.550509	-1.829287
240	0.808318	-2.224746	0.498050	1.356633	-2.051414
241	-1.870290	-1.080314	-0.047279	1.561711	-2.063048
242	-0.988065	-1.640890	1.066931	1.429753	-1.934287
243	2.166329	-0.776317	0.050830	1.283223	-1.975134
244	-0.573565	-1.130444	1.538151	0.801760	-2.046808
245	1.271718	-2.269416	1.236283	1.072351	-2.071265
246	-0.841471	-0.354220	2.276133	1.134703	-2.006599
247	0.409045	0.033596	1.089172	1.378253	-1.907387
248	-0.902527	0.403026	1.090450	1.017137	-1.963128
249	0.619158	0.388565	2.097729	1.013434	-1.814615
250	1.778360	-1.446121	1.943073	1.434835	-1.603407
251	0.409847	-1.184076	1.528126	1.679708	-1.454462
252	0.857452	-0.203374	1.309411	1.481006	-1.513425
253	0.853385	-0.587486	0.990974	1.511779	-1.455565
254	0.515212	-0.698705	1.615481	1.581668	-1.509076
255	1.322663	-2.360584	0.793503	1.549845	-1.552396
256	-0.219058	-1.304398	-0.525206	1.478923	-1.377264
257	1.195043	-0.637033	0.121263	2.166633	-1.368965
258	-0.870391	-0.924099	0.481815	1.900174	-1.498013
259	0.876345	-0.346899	-0.352298	2.156707	-1.632558
260	-0.036883	-1.459177	0.044651	1.770510	-1.747567
261	0.510157	-1.357172	-0.812649	1.690397	-1.829837
262	-0.952598	-0.024427	0.667102	1.951254	-2.000587
263	2.592257	-0.954855	0.642697	1.776637	-2.009957
264	-1.564595	-0.886741	0.353341	1.112190	-1.886753
265	-0.845590	-1.037862	1.167440	1.115994	-1.872038
266	1.894907	-0.664982	1.865811	1.003958	-1.896866
267	0.557490	-0.815201	0.638687	1.317037	-1.718739
268	-0.122897	-0.956081	-0.424080	1.309987	-1.655084
269	1.381807	-1.296765	-0.547375	1.677021	-1.576914
270	0.729242	-1.563853	-0.167009	1.392514	-1.642246
271	-0.527288	-0.212119	0.421132	1.391658	-1.680538
272	1.219957	-1.245971	0.377846	1.726618	-1.700128
273	-0.882713	-2.245387	0.745179	1.420422	-1.763087
274	-0.405286	-1.061116	0.612663	1.222840	-1.801906
275	-0.145415	0.248221	0.134159	1.371253	-1.922025
276	0.925133	-1.263406	-0.115804	1.590076	-1.958222
277	-0.277680	-0.328503	-0.107530	1.293458	-1.857283
278	1.000713	-1.234694	-0.073827	1.247726	-1.881100
279	-0.316150	0.604490	0.088906	1.372043	-1.744544
280	0.790884	-1.289887	-1.360686	1.098096	-1.949041
281	1.473690	0.895956	0.139224	0.954725	-2.050811
282	0.671469	-0.244455	0.271886	0.754242	-2.002136
283	-0.146628	-0.722807	0.226519	1.175035	-1.894705
284	0.605160	-1.272444	0.425608	1.126504	-1.663729
285	0.682358	-1.368215	0.771954	1.500988	-1.707588
286	-1.096040	-2.610692	0.850324	0.928681	-1.631773
287	1.100820	-1.616083	1.111140	0.959663	-1.515361
288	-0.180799	-1.157235	1.693519	0.840807	-1.411740
289	2.137554	-1.541047	1.900588	1.013160	-1.436999
290	0.880690	-1.274184	0.235345	1.053548	-1.530816
291	1.790673	-1.071692	0.441298	1.058774	-1.604338
292	0.017185	-1.064833	0.667330	1.157153	-1.662049
293	0.271147	-0.464658	-0.535093	0.953678	-1.738166
294	-0.966809	-1.133281	-0.806407	0.857297	-1.686715
295	1.339987	-1.058105	0.451288	0.687076	-1.453553
296	-0.043238	-1.834642	0.519188	0.408003	-1.478634
297	0.568883	-1.924085	0.185363	0.533141	-1.525793
298	-2.424673	-2.486865	0.043295	0.507919	-1.423990
299	0.208351	-2.288616	-0.104872	0.427571	-1.477265
300	1.516549	-2.469332	-0.182147	0.604342	-1.553778
301	-0.122143	0.183631	-0.572418	0.202875	-1.558593
302	0.184440	0.226336	0.037641	0.264999	-1.680219
303	-0.883340	-0.026435	-0.531777	0.915108	-1.685149
304	0.098711	-1.695905	-0.791373	0.947057	-1.769763
305	-1.305262	-1.381446	-0.646689	0.683020	-1.820018
306	-1.053212	-0.927245	-0.611605	0.378872	-1.799359
307	-2.088018	-2.700058	-1.187372	0.561004	-1.832117
308	0.035804	-2.244539	-1.322938	1.014291	-1.871274
309	-0.225231	-0.126441	-1.712165	0.885496	-1.996101
310	-1.412150	0.767114	-1.518349	0.798578	-2.030514
311	-0.574412	-0.666730	-0.933264	1.008701	-1.989167
312	0.626801	-1.347579	-0.591398	1.115204	-1.938438
313	-0.052105	-1.280624	-0.514845	1.447725	-1.896412
314	-0.113516	0.819622	-0.077598	1.772872	-1.735684
315	-0.447101	0.505881	-0.398441	1.380514	-1.631832
316	-2.135418	-0.156831	-1.488542	1.412881	-1.509552
317	0.749814	-1.099786	-1.447381	1.784375	-1.482010
318	-0.414222	1.231600	-0.577008	1.546677	-1.321499
319	-0.252460	0.971804	-0.796148	1.203679	-1.196620
320	-0.953519	0.912421	-0.896237	0.818418	-1.209954
321	0.526646	0.505337	-1.756446	1.354086	-1.404276
322	-0.782117	1.430795	-1.676520	0.682953	-1.401950
323	0.200718	-0.510826	-0.553451	0.680878	-1.412781
324	0.768814	-0.753342	-0.025608	0.685310	-1.325907
325	-0.974054	-1.044286	-0.274157	0.655731	-1.321958
326	0.736723	-0.311685	-1.364680	0.843510	-1.209564
327	2.108787	-1.744996	-0.687572	0.934685	-1.103307
328	-0.209922	-0.377995	-1.689175	0.792091	-0.954956
329	1.224995	-1.260077	-2.053612	0.566035	-0.879505
330	0.106713	-1.312021	-0.964137	0.999255	-0.750901
331	-0.688377	-1.034090	0.057192	1.110558	-0.582193
332	-0.370964	0.039406	-0.773855	1.819048	-0.547946
333	-0.201180	-1.244282	0.119854	1.621082	-0.694309
334	0.354223	-0.380444	-0.701769	1.615023	-0.901287
335	1.467209	0.491622	-0.776458	1.235568	-1.004961
336	-1.351688	0.211311	-1.751750	1.298018	-1.065718
337	0.387975	-0.407532	-1.110627	1.177693	-1.024731
338	0.243401	0.188329	-0.167362	1.503687	-1.041301
339	-2.256992	0.221955	-0.425099	1.516070	-1.047208
340	1.903668	1.306694	-0.939461	1.387144	-0.973431
341	0.799935	0.595153	-0.959835	1.063767	-0.905064
342	1.497458	1.221657	-1.000706	1.451807	-0.863664
343	-0.534346	0.060649	-0.997635	1.085726	-0.908449
344	0.581474	-0.120504	-2.209041	1.153505	-0.763798
345	0.430606	-0.337703	-1.665103	1.280416	-0.888824
346	-1.150268	-1.171701	-0.214347	1.404888	-0.985874
347	-0.372971	-1.128017	-0.262928	1.129330	-1.154479
348	0.963143	-0.255582	-0.760289	0.945491	-1.321380
349	-0.770371	0.332561	-1.513749	0.415515	-1.490669
350	-0.455978	0.593955	-1.875280	0.581234	-1.472802
351	-1.495493	-0.987749	-0.830892	0.728020	-1.438873
352	-0.337432	1.037761	-0.461260	0.669591	-1.449095
353	-1.132990	1.402392	-0.522141	0.639197	-1.390976
354	0.401361	0.799796	0.094369	0.601256	-1.314122
355	-1.047559	1.463779	-0.460357	0.492150	-1.318753
356	-1.889116	-1.629208	-1.351548	0.418568	-1.438924
357	-0.345178	-0.226338	-0.441568	0.567104	-1.638253
358	1.059756	0.991729	-0.285225	0.935262	-1.733742
359	-0.823231	0.915810	-0.385432	0.643094	-1.707950
360	-1.580344	1.469116	-0.537815	0.460968	-1.685073
361	-0.342732	-0.273616	-0.394373	0.627833	-1.624770
362	0.719912	-0.939596	-0.032660	0.861750	-1.392738
363	-1.649983	0.755355	-0.975223	1.243184	-1.382124
364	-0.265285	-0.233690	-0.020474	1.175966	-1.440037
365	-0.069167	-0.124633	0.279753	1.048389	-1.398023
366	-0.740804	-0.200431	-0.646128	1.136704	-1.391996
367	0.244794	-0.955607	-0.410785	0.788207	-1.333114
368	1.907143	0.999183	-0.729149	0.865705	-1.400087
369	1.241622	0.272604	-1.237584	1.376863	-1.270081
370	1.103754	-0.026493	-1.192425	1.497271	-1.130021
371	0.766480	0.156983	-1.328732	1.216907	-0.997461
372	-1.970857	0.576806	-1.754618	1.046327	-1.078272
373	0.166852	0.960676	-1.462792	1.126429	-1.182287
374	-0.904781	-0.094123	-2.043468	1.425730	-1.219722
375	-1.161914	0.626327	-2.102584	1.545874	-1.315150
376	-1.427481	0.168165	-1.429117	1.616731	-1.286251
377	-0.874999	0.446510	-1.288311	1.662397	-1.376209
378	-1.146978	-0.696062	-1.533714	1.011114	-1.374642
379	-0.608349	-0.110240	-0.663872	0.971561	-1.290951
380	-0.200293	-0.643877	-1.674935	0.757264	-1.369096
381	-1.876773	1.130482	-0.442597	0.407883	-1.439314
382	0.660359	0.382256	-0.890927	0.974424	-1.464856
383	1.084404	0.625975	-2.233000	0.839577	-1.441562
384	0.032794	0.590193	-2.291103	1.460426	-1.390428
385	-0.100682	-1.086755	-1.379443	1.630592	-1.329769
386	-1.830932	0.854959	-1.502230	1.306007	-1.323922
387	1.669151	-0.095233	-1.406924	1.115546	-1.382510
388	-1.910234	0.199443	-0.012879	0.948125	-1.227376
389	0.416459	-0.140297	-0.279032	0.824574	-1.230169
390	-0.247769	-0.360420	0.155099	0.639585	-1.216841
391	0.078753	-0.777924	0.058823	0.754932	-1.317148
392	-0.115054	-0.618805	0.439499	0.437767	-1.338157
393	0.618691	-0.858015	-0.691157	0.874842	-1.362349
394	1.584382	-0.949258	-0.492609	1.113946	-1.439923
395	-0.176213	-0.160677	-0.662528	0.311199	-1.491269
396	-0.820482	-0.589564	-0.494911	0.502150	-1.620644
397	0.436697	-0.245681	-0.657363	0.637156	-1.705872
398	-0.210190	-2.670640	-0.194461	0.644572	-1.752334
399	-0.356872	-0.969750	0.312211	0.520904	-1.766642
400	-2.033208	-1.331557	0.297945	0.161100	-1.667101
401	-0.203829	0.735362	0.067438	0.194266	-1.781334
402	1.105726	-0.460914	-0.260097	0.210412	-1.980483
403	0.519983	-1.401524	-0.832356	0.271744	-1.816525
404	-1.068108	-0.338687	-1.298270	0.572179	-1.779216
405	0.260192	0.190689	0.201929	0.649072	-1.988859
406	1.013872	-0.061807	-0.680335	0.622885	-2.020331
407	1.258298	-0.550731	-0.602366	0.592198	-2.196273
408	-0.777127	-1.012691	-0.020307	0.568577	-2.321829
409	0.638886	-0.074174	-2.050139	0.441833	-2.285692
410	0.648967	-0.749666	-2.464501	0.531176	-2.199312
411	0.083702	0.558369	-1.045437	0.558433	-2.227480
412	0.676457	-0.373735	-1.177108	0.422071	-2.110643
413	0.075515	-0.207164	-0.678887	0.136541	-2.151542
414	-1.267357	-0.168197	0.564265	0.071699	-2.155753
415	-0.967489	0.534526	-0.550747	-0.122744	-2.142302
416	0.584939	0.479608	0.216563	0.311851	-2.152112
417	-0.670458	0.186732	-0.129694	0.256433	-2.188600
418	0.537325	0.095456	-0.355751	0.395382	-2.206318
419	-1.749340	0.184222	0.965549	0.481299	-2.127658
420	-1.029166	0.034033	0.252141	0.484749	-2.296977
421	-0.338295	-0.328629	1.004014	-0.033531	-2.348196
422	0.937024	0.014152	-0.429304	0.248903	-2.322381
423	-0.093582	0.214948	-0.073578	0.626346	-2.284952
424	0.850556	0.772709	-0.515078	0.747841	-2.212979
425	-0.904434	-0.364070	-0.234997	0.617535	-1.947418
426	0.038043	0.665031	0.257714	0.785664	-1.815020
427	0.877161	0.070150	0.533242	0.524663	-1.691173
428	-0.899991	-1.048290	0.129066	0.561634	-1.682611
429	-0.998727	-0.919528	-0.259607	0.831307	-1.769149
430	-1.777519	-0.486657	0.154267	0.624816	-1.839295
431	0.422103	0.897089	-0.059064	0.745508	-1.802513
432	0.246644	-0.390282	-0.753813	0.979549	-1.974733
433	-1.206910	-0.160864	-0.564011	0.732859	-1.962597
434	-0.731188	-0.147853	-0.379141	0.660065	-2.043272
435	-1.452853	0.563861	-0.314487	-0.021119	-2.201039
436	-0.051946	0.615782	-1.294334	0.146672	-2.174842
437	1.483251	-0.102688	-0.036523	0.616760	-2.270680
438	-0.216499	2.063184	0.607357	0.262475	-2.316846
439	-1.925233	1.650638	0.332204	0.640647	-2.461135
440	-0.309739	1.233096	-0.285583	0.735733	-2.613284
441	0.274497	-0.254686	-0.053669	0.854592	-2.463320
442	0.210473	-1.688213	-0.150102	0.687812	-2.533324
443	1.282704	0.175105	-0.020299	0.887135	-2.567179
444	-0.622012	-0.691263	0.128820	0.820409	-2.580101
445	0.147271	0.937055	-0.016204	1.018804	-2.582426
446	0.655989	0.342671	0.255154	0.723240	-2.539178
447	0.615190	1.964522	-0.550361	0.941981	-2.546487
448	0.542534	-0.438174	-0.003407	0.887358	-2.419026
449	-1.263341	0.257814	-0.139076	1.136129	-2.272537
450	-1.076182	1.383272	-0.571264	0.805430	-2.220424
451	-0.667748	1.070939	1.151932	0.980118	-2.205035
452	0.307902	0.825501	0.340301	1.163256	-2.225304
453	1.919434	1.120020	-0.202805	0.831919	-2.187939
454	-0.660642	-0.254684	1.079638	0.847849	-2.077944
455	-0.388318	-0.921136	0.953829	0.744178	-2.077675
456	-1.992439	0.524013	0.989650	1.246831	-2.211934
457	1.885412	2.034535	1.235031	1.410552	-2.127301
458	-0.871481	0.031299	-0.160206	0.976336	-1.926958
459	-0.323154	0.517970	0.424812	1.436637	-1.931879
460	-0.125893	0.352235	0.634499	1.607119	-1.949793
461	0.170907	-0.375260	0.276520	1.085313	-1.936639
462	-0.374986	-1.227818	0.727272	0.538213	-1.917157
463	0.927143	0.467624	1.671931	0.517791	-1.950061
464	-1.018082	0.016738	1.862269	0.728027	-1.880734
465	0.282262	-1.252469	1.383372	0.670938	-1.766429
466	-1.005370	-0.645409	1.079103	0.513014	-1.763691
467	0.623231	-2.588830	0.628845	0.418684	-1.948985
468	-0.813951	-0.296228	1.026217	0.373984	-1.927365
469	1.011376	-0.024158	0.520434	0.202597	-1.995322
470	0.570845	0.588719	0.048284	0.425462	-2.012817
471	-0.803901	-1.060354	0.210134	0.142599	-1.984490
472	-1.713955	-1.903478	1.027292	0.206773	-2.175405
473	-1.858326	-0.989132	0.506321	0.498995	-2.342229
474	0.980300	1.226173	0.745616	0.541796	-2.454155
475	-0.424355	0.530559	0.835482	0.118563	-2.378689
476	-1.667727	-0.722053	1.791545	-0.395261	-2.325131
477	1.721915	-0.413694	0.557950	-0.003359	-2.180532
478	1.401574	-1.491527	0.755268	0.241471	-2.310369
479	1.503131	0.852554	0.656044	0.285318	-2.308594
480	1.370840	-0.841542	1.770828	0.380556	-2.323952
481	-0.113178	0.071827	0.652671	0.118228	-2.328798
482	0.293553	0.186291	1.199794	-0.152501	-2.313032
483	-1.115633	0.584983	0.426662	0.001515	-2.357836
484	-1.023576	1.610316	-1.168970	-0.033853	-2.214683
485	0.167356	1.177534	-1.506233	-0.365407	-2.149850
486	-0.516020	1.139736	-1.121426	-0.385136	-2.123621
487	1.074356	0.805501	-1.020300	-0.192098	-2.059144
488	-0.952603	2.773209	-0.528623	0.341779	-2.165694
489	0.833418	2.385593	0.316650	0.634021	-2.043058
490	-0.636599	1.141471	-0.014807	0.755748	-1.992134
491	0.875614	-0.109458	-0.243036	0.378500	-1.963628
492	0.748065	0.239576	-0.922377	-0.019738	-2.109977
493	-0.070839	0.407222	-0.028126	0.218592	-2.181137
494	0.785148	-0.279303	0.570099	-0.162810	-2.151320
495	1.267547	1.027725	1.092201	0.148195	-2.229441
496	-0.118682	0.950319	0.047534	-0.295671	-2.124435
497	1.334288	0.064279	-0.125653	-0.123281	-2.232546
498	1.065114	0.763293	-0.662718	0.013938	-2.224148
499	-0.173441	0.212212	0.558810	-0.027187	-2.141772
500	0.656680	-0.571378	-0.007439	-0.085461	-2.096397
501	0.082767	0.011108	1.278800	0.225230	-2.090613
502	0.527747	-0.749505	1.992245	-0.106870	-2.038736
503	-1.502803	2.642474	1.696204	0.147594	-2.048818
504	-2.381052	1.018691	1.924049	0.631838	-1.975793
505	-0.481731	2.050362	0.772391	0.884924	-1.845200
506	-1.931647	1.917343	1.747648	0.722337	-1.958120
507	-0.472818	0.907258	1.289946	0.792663	-1.951384
508	-0.104328	-0.456152	1.355297	0.936431	-1.980437
509	-0.581569	0.337090	2.200196	0.715968	-1.979285
510	-0.195561	-2.022041	2.111973	0.588230	-2.022187
511	-0.262001	1.289866	1.894927	0.881670	-2.125946
512	-0.939496	-0.061876	1.310104	0.852074	-2.243741
513	-2.303980	2.056599	2.325899	0.650315	-2.110409
514	1.192454	0.737814	1.654595	0.935599	-2.034081
515	0.329433	0.991464	1.602601	0.856239	-2.326524
516	-1.999964	2.115012	2.174417	0.383268	-2.322831
517	0.953817	1.847684	0.942668	0.435796	-2.308519
518	1.768603	0.035026	0.182495	0.241058	-2.257899
519	-0.431056	-0.468977	0.643908	-0.012545	-2.140094
520	0.049948	1.702018	-0.111283	0.286741	-1.961516
521	-0.005172	0.159396	0.110601	0.299716	-1.939602
522	0.357636	0.577814	0.523253	0.710131	-1.903482
523	-0.216223	1.122489	-0.936255	0.198980	-1.981315
524	0.889403	0.312514	-0.392278	-0.154581	-2.207842
525	1.597211	0.161351	0.825216	-0.029074	-2.038432
526	-0.547194	0.480891	1.059406	0.091872	-1.964647
527	0.146649	-0.201213	0.598760	0.402432	-1.992567
528	0.635991	1.816428	1.356134	0.815992	-1.798657
529	-0.490075	1.111730	1.718832	1.289326	-1.724906
530	2.509794	0.024428	1.771212	1.208004	-1.927396
531	-0.174244	1.593434	0.743101	0.822536	-1.847511
532	-0.816946	-0.719982	1.385057	0.718968	-1.928785
533	-1.412184	0.394147	0.562033	0.582460	-1.983418
534	0.486324	0.651613	0.173458	0.380853	-1.959289
535	1.113006	-1.092538	0.232993	0.330064	-1.935921
536	-0.847627	1.185622	-0.872666	0.377601	-1.904777
537	-0.552700	0.205048	-0.487277	-0.223504	-1.890877
538	0.160052	-1.527782	0.524115	-0.226649	-1.953229
539	0.064084	-0.481934	1.401536	-0.107624	-1.968383
540	-0.555771	-0.392941	0.967436	0.031339	-1.758084
541	1.230219	0.123247	0.622704	0.242602	-1.689322
542	0.386308	-0.782014	0.973647	0.492888	-1.744246
543	1.733794	-0.604120	0.608986	-0.047650	-1.891501
544	-0.786472	-1.243239	0.902581	-0.414888	-1.831871
545	0.418914	0.382456	0.980585	-0.448372	-1.939801
546	0.069253	-0.567459	0.184226	-0.535369	-2.141656
547	0.333034	0.846932	-0.676908	-0.372970	-2.305101
548	-0.748411	-0.253571	0.390922	-0.776686	-2.453871
549	0.523216	0.434116	0.211228	-0.997114	-2.606548
550	-0.007397	-0.387828	-1.182305	-0.652073	-2.480259
551	-0.742815	0.232353	-0.802149	-0.553395	-2.376783
552	0.778480	0.088470	0.274752	-0.586145	-2.276378
553	0.302232	1.685407	-0.650149	-0.139483	-2.153156
554	2.110386	-0.267173	0.245783	-0.016319	-2.148587
555	-1.965621	-0.468107	0.122331	0.070361	-2.078492
556	-0.350290	0.563010	1.243492	-0.244249	-1.982493
557	-0.738901	0.510790	0.556610	-0.261073	-1.934774
558	-0.600519	0.152464	0.308353	-0.148427	-1.998340
559	0.127912	0.720216	1.371060	0.218791	-1.871906
560	0.014649	1.253601	0.272899	0.058539	-1.953376
561	-0.130069	-0.458164	-0.802347	0.056888	-1.935825
562	-0.353007	1.299155	0.540251	0.539183	-2.021140
563	0.858557	1.022770	0.440587	0.446370	-2.078444
564	-0.674879	0.048666	0.107370	0.530497	-2.060963
565	0.029150	2.205833	-0.072491	0.423091	-2.195492
566	0.022787	2.125259	-0.119373	0.222220	-2.236219
567	-1.251171	1.678504	1.032067	0.162877	-2.193013
568	1.315205	2.137771	0.769303	0.037481	-2.219271
569	0.001157	2.275851	0.121533	-0.066273	-2.174316
570	-0.008205	1.223046	0.539275	-0.347055	-2.227148
571	-1.000557	0.445778	-0.153380	-0.671594	-2.071899
572	0.518996	-0.101405	0.515988	-0.531368	-1.968595
573	-0.527988	0.915873	1.259452	-0.056621	-2.001424
574	2.092293	1.464274	0.760087	-0.110099	-1.948356
575	-1.432898	1.278875	1.195148	-0.616938	-2.032111
576	2.427811	2.379304	0.991291	-0.349156	-1.942816
577	1.042370	0.425776	1.055788	-0.083677	-1.847904
578	0.236350	-0.061473	0.821833	0.043137	-1.799889
579	0.925360	0.558977	0.565680	-0.757793	-1.726489
580	-0.792281	0.369209	0.383764	0.100734	-1.635863
581	-1.235400	0.651689	0.197358	-0.006342	-1.627765
582	-0.634722	1.507956	0.486160	-0.205337	-1.675089
583	0.621980	0.784606	0.558849	0.111040	-1.574519
584	1.096697	-0.047007	0.965947	0.130090	-1.419827
585	0.803002	-0.642238	1.237183	-0.051049	-1.387100
586	-0.331958	1.277905	1.720923	0.226667	-1.406264
587	-2.029563	-0.616577	1.813970	0.663774	-1.360020
588	1.340066	0.370977	0.077625	0.036682	-1.241276
589	-0.220212	1.372210	-0.113638	0.000374	-1.224995
590	1.007197	1.313677	0.710771	-0.225212	-1.353201
591	-0.616442	0.730505	0.373205	-0.546727	-1.577159
592	-2.082198	1.280784	0.289625	-0.547109	-1.603490
593	-1.196641	1.384545	-0.400353	-0.637677	-1.481411
594	-0.369989	0.390138	-0.968349	-0.602272	-1.557507
595	2.219436	1.532401	0.803883	-0.764365	-1.635672
596	0.632721	0.788567	-0.621294	-0.516151	-1.595738
597	0.498208	1.882899	-0.163195	-0.527559	-1.604681
598	2.056852	0.290068	-1.578843	-0.931619	-1.743585
599	0.694955	1.617894	-1.125065	-0.635604	-1.878430
600	-0.561163	-0.435736	-0.982386	-0.217076	-1.842630
601	0.064967	0.095693	-1.599621	-0.561289	-1.817898
602	0.705992	0.399851	-1.453820	-0.580028	-1.819468
603	0.219814	1.005899	-1.268063	-0.607753	-1.827105
604	-1.273329	-0.749257	-1.011999	-0.176004	-1.996901
605	0.513603	-1.017855	0.887713	0.216378	-2.010019
606	-0.648214	-0.438852	0.134936	0.077750	-1.884345
607	-0.496284	-1.069887	-0.061389	0.407063	-2.011867
608	0.133212	0.223221	-0.109956	-0.019999	-2.091364
609	0.232592	0.995039	0.160782	0.035183	-2.160702
610	-0.911162	1.374017	-1.023686	-0.195705	-2.216497
611	-1.304115	1.307404	0.262099	-0.160752	-2.246279
612	1.600484	-0.277042	-0.936773	0.040660	-2.232960
613	1.345297	-0.278553	-1.507472	-0.483761	-2.411617
614	-0.816595	-0.668051	0.358106	-0.491953	-2.508864
615	-1.426722	-0.736674	-0.859973	-0.821406	-2.503493
616	0.084254	0.682766	-1.435737	-1.123917	-2.519801
617	0.075472	1.236723	-1.351773	-1.023814	-2.572010
618	-0.181782	1.012379	-1.128227	-0.776108	-2.793480
619	-0.870729	1.717870	-1.797232	-0.972815	-2.796478
620	-0.454702	1.834053	-1.799585	-1.716969	-2.764105
621	-0.442221	0.898708	-0.624233	-1.648122	-2.918169
622	-0.463406	-0.117424	-0.560148	-1.396621	-3.156410
623	0.597643	0.226137	-0.218225	-1.164082	-2.992176
624	0.101077	0.580402	0.848256	-0.818895	-3.030676
625	0.075398	-1.103616	-0.228956	-1.316093	-3.124428
626	1.512286	0.319848	-0.108487	-1.584415	-3.149662
627	-0.188669	2.192937	0.008046	-1.382813	-3.083972
628	-0.807433	0.248670	0.544377	-0.998557	-3.012630
629	-0.484477	0.276384	0.924569	-0.881081	-3.034571
630	-1.396623	0.107389	0.019321	-0.951123	-2.937874
631	1.085553	-0.145100	0.051729	-0.562638	-3.107147
632	0.570885	-0.107195	-0.036931	-1.158159	-3.078608
633	0.021591	1.697683	-0.143063	-1.068949	-3.107921
634	0.118870	-0.039947	-0.558889	-0.481158	-3.069829
635	0.044104	-1.073730	-0.034969	-0.668317	-2.922647
636	1.232976	-1.538558	-0.087902	-0.878510	-2.868375
637	-0.691201	-0.710899	0.413302	-0.729068	-2.937445
638	1.219831	-1.315527	0.189751	-0.580337	-2.956131
639	0.138469	1.351876	-0.709883	-0.568949	-2.997852
640	0.208184	1.690308	-0.641640	-0.308936	-3.169944
641	0.007186	-0.050645	-0.799760	-0.533801	-3.294695
642	0.294303	-0.237660	-0.981609	-1.044104	-3.208734
643	-0.722353	-0.794142	0.074788	-0.810897	-3.135315
644	-0.128633	0.172398	-0.755386	-0.408847	-3.103057
645	-1.978451	0.064198	-0.466882	-0.863138	-3.044777
646	0.788939	1.772111	-0.466181	-0.433788	-2.969875
647	-0.474635	0.125716	-1.460926	-0.284547	-2.888207
648	-0.529167	1.973343	-0.913763	0.185646	-2.836125
649	0.105666	-0.628999	-1.062049	0.228701	-2.785144
650	0.963055	0.709192	-1.070179	0.340798	-2.647185
651	-1.273764	1.330884	-0.264692	0.177830	-2.605229
652	-1.069356	0.149398	-0.959711	0.373970	-2.573010
653	0.610981	0.665758	-1.362956	0.575642	-2.410717
654	0.273626	0.958745	0.491583	0.684459	-2.233878
655	-0.724334	0.961664	0.757203	0.462909	-2.517641
656	-0.460057	0.997329	-0.569450	0.060862	-2.713040
657	2.008874	0.460390	-0.740337	-0.064723	-2.722730
658	1.386872	2.211149	-0.665551	0.280009	-2.734252
659	0.765461	0.935391	0.038108	0.365283	-2.748970
660	-0.234656	-0.570477	0.091005	0.497257	-2.816689
661	-1.193774	-1.647641	-0.307393	0.467679	-2.870044
662	-1.781775	-0.786251	-0.218772	0.169877	-2.848254
663	1.125576	0.330511	0.234502	0.146980	-2.777886
664	0.583273	-0.491127	1.151738	0.162728	-2.829312
665	0.848238	0.655642	0.835663	0.300898	-2.852077
666	-0.216399	1.792136	-0.086851	0.200256	-2.838683
667	0.980808	1.259498	-0.299845	0.174632	-2.800636
668	0.889960	2.926226	-0.224346	-0.136962	-2.889972
669	0.084743	0.515883	-0.659700	0.305518	-2.861804
670	-0.741413	0.856750	-0.022916	-0.176854	-3.027110
671	0.753002	0.283707	-1.580321	-0.591415	-2.944035
672	-0.717979	1.647598	-0.246960	-0.815328	-2.956027
673	1.536142	0.389703	-0.495640	-0.889029	-2.948840
674	0.092542	0.031987	-0.027417	-0.224587	-2.998778
675	0.531026	0.064434	-0.489861	-0.202795	-3.099020
676	-1.682402	0.712992	-1.438955	-0.266624	-2.917564
677	0.955008	-0.619716	-1.891455	-0.067203	-2.877092
678	1.564389	1.515105	-0.845033	-0.324785	-2.895689
679	0.668620	0.903256	-0.514567	0.156677	-2.871401
680	0.424813	1.011849	-0.488657	-0.088443	-2.866231
681	0.252728	0.184514	-1.410420	-0.106330	-2.830040
682	-0.034372	0.653114	-2.133686	-0.285335	-2.849385
683	0.999678	0.727377	-1.773563	-0.190094	-3.039357
684	-0.032619	1.500921	-1.242509	-0.300962	-3.143953
685	1.365745	1.822899	-0.324252	-0.722594	-3.162818
686	0.816232	0.676650	0.040578	-0.307508	-3.008408
687	0.136302	1.167772	-1.195174	-0.288320	-3.036879
688	-0.798637	1.418037	-0.624738	-0.430689	-2.988269
689	1.046723	-0.370497	-1.044490	-0.467399	-3.105308
690	0.304328	0.087469	-0.308286	-0.247686	-3.052514
691	-0.805047	-0.793165	0.094830	0.352708	-2.994926
692	-0.688968	0.281600	0.588513	0.014868	-2.983214
693	0.663505	0.079101	-0.170537	0.025955	-3.012399
694	-0.234771	-1.362632	0.077967	0.273031	-3.077602
695	-0.477582	0.240481	-0.523722	-0.125106	-3.056687
696	-0.197972	0.905897	-1.488116	-0.610933	-2.912321
697	1.557022	1.547000	-0.947547	-0.297314	-2.912275
698	-0.089479	0.444244	-0.305353	-0.188736	-3.001204
699	-1.499843	-0.447174	0.245195	-0.047632	-2.935241
700	1.072882	0.838773	0.566590	-0.133243	-2.883268
701	1.306270	-0.471637	0.697882	-0.528174	-2.953532
702	-1.740899	-0.728289	-0.072808	-0.813839	-2.904455
703	-1.277473	0.111997	-0.032998	-0.670830	-3.030499
704	-1.726550	0.004698	0.028244	-0.044745	-3.062677
705	-0.686129	0.827762	-0.983073	0.268598	-2.970883
706	-0.260448	0.648056	-1.845618	-0.085925	-2.914961
707	1.532001	0.250343	-1.818222	0.128930	-2.896407
708	0.233989	0.260660	-1.094803	0.381986	-2.776756
709	0.349783	1.075688	-0.962596	0.485193	-2.700157
710	0.830757	0.052579	-0.785831	0.590367	-2.697247
711	0.000664	-0.955115	0.107432	0.569593	-2.705730
712	1.127167	0.597656	0.450053	0.380367	-2.641376
713	-0.279427	0.537690	-0.349778	0.206690	-2.564777
714	1.053150	1.446859	0.652015	0.342345	-2.642075
715	-0.316557	-0.831626	0.161532	-0.049321	-2.603778
716	-0.571256	1.986816	0.686191	-0.105763	-2.437655
717	0.355941	-0.913647	-0.072635	-0.422160	-2.468786
718	0.660489	-0.652777	1.323060	-0.245069	-2.465649
719	0.261268	0.913909	2.333025	-0.237791	-2.405820
720	0.385661	-0.544476	1.422493	-0.570592	-2.457205
721	0.883850	-1.463334	0.931933	-0.070533	-2.580529
722	-1.338713	-0.258514	1.357315	-0.044282	-2.540891
723	-0.452750	-0.919961	1.871218	0.113494	-2.429904
724	-0.793090	1.373521	0.895250	0.048551	-2.422254
725	1.166798	1.002700	0.216742	0.360679	-2.357923
726	-1.329201	0.260024	0.215177	0.731786	-2.215567
727	0.742497	0.040890	-0.169927	0.624749	-2.178900
728	0.090001	0.066855	0.441497	0.112236	-2.094414
729	0.048848	-0.726561	1.381751	0.507203	-2.060453
730	-0.297826	-0.335892	-0.255992	-0.023622	-1.942921
731	0.821822	-0.020942	0.369569	0.137450	-2.031286
732	-1.130171	0.308275	0.082092	0.653756	-2.038443
733	0.613923	-0.249473	-0.013946	0.957785	-1.990046
734	-1.914674	-1.354302	-0.146511	0.948399	-1.939540
735	0.090750	0.477464	0.173640	0.772786	-2.071457
736	-1.179263	-0.477208	-0.577128	1.129014	-2.125703
737	0.567459	0.465203	-0.509280	1.075436	-2.121407
738	1.896646	0.064966	-0.775402	1.176938	-2.204602
739	0.596992	0.149672	-0.438212	1.042520	-2.126492
740	0.374525	-0.046420	0.248827	1.367618	-2.096331
741	-1.328929	0.503374	0.425515	1.739348	-1.988221
742	0.227452	-0.274358	1.175678	1.295369	-2.057677
743	-2.122052	-0.222966	0.788399	1.082225	-2.200898
744	0.057211	-0.789558	-0.050487	1.500000	-2.423588
745	0.728737	1.300534	0.162999	1.240693	-2.477544
746	0.879663	0.504036	0.112278	1.325169	-2.395756
747	-0.719621	-0.628973	0.610968	1.012800	-2.459236
748	-0.537109	-0.385695	1.070690	1.346624	-2.642662
749	-0.450073	-0.063797	2.532218	0.710619	-2.732588
750	0.263595	0.801727	1.906361	0.965955	-2.806343
751	0.547166	0.000594	1.721446	1.346026	-2.877516
752	-0.194667	1.233826	1.187817	1.342599	-2.887629
753	0.277680	0.293855	1.281035	1.498278	-2.987253
754	0.243295	1.192259	0.530254	1.644970	-2.851704
755	0.590044	0.098176	-0.207991	1.901623	-2.673166
756	-1.204358	-1.619512	0.041614	1.198788	-2.610251
757	0.210188	0.238449	0.844992	1.221757	-2.347054
758	2.083917	1.134889	0.648936	1.301122	-2.268363
759	-0.696417	-0.678842	0.837993	0.864531	-2.323830
760	0.679866	0.679144	0.134000	0.763396	-2.272740
761	-0.824223	0.165869	0.165941	0.984988	-2.224999
762	0.264219	1.001830	0.238848	0.828185	-2.425599
763	-2.436192	0.477023	0.417177	0.170111	-2.407263
764	0.338064	0.396100	0.537645	0.380659	-2.470643
765	-1.454906	1.471422	0.734774	0.110499	-2.348953
766	-1.818784	0.617939	1.123887	0.679877	-2.328079
767	-1.486537	1.451614	0.601417	0.673053	-2.321458
768	-0.364363	-0.130087	1.265992	0.546257	-2.289146
769	1.447133	0.410304	-0.100863	0.993067	-2.209316
770	0.194420	1.228550	-0.128199	0.722574	-2.127717
771	-0.159050	0.411232	-0.948729	0.251125	-2.248389
772	0.387402	0.630153	-0.650440	0.417143	-2.345870
773	0.605731	1.217613	-0.734081	0.230465	-2.306351
774	-1.008190	1.353513	-1.553575	-0.130320	-2.239173
775	-0.342315	-0.321808	-0.587815	0.016121	-2.278592
776	-0.942690	0.338679	0.502010	0.015014	-2.255941
777	-0.254404	-0.780820	1.028784	0.178302	-2.297553
778	-2.016790	-1.003397	0.298830	-0.041202	-2.374763
779	-1.641701	0.947400	-0.068559	-0.271670	-2.486195
780	-0.633575	0.740095	0.318140	-0.020652	-2.406648
781	-0.359340	-0.523464	-0.751281	0.669216	-2.473944
782	-0.870757	-2.560743	-0.684319	0.761445	-2.594676
783	-0.742492	0.202553	-1.059351	0.656382	-2.600104
784	0.521981	-0.504738	-1.355921	0.515550	-2.649065
785	0.904238	0.831942	-1.368913	0.384380	-2.662500
786	-0.830418	0.072969	-1.143084	0.307235	-2.650976
787	1.094543	1.377210	-1.189811	0.078665	-2.491190
788	0.379543	0.108688	-0.982107	-0.076987	-2.593473
789	-0.453878	2.388664	-0.556640	-0.574708	-2.675971
790	1.275020	-0.637405	-0.135906	-0.364338	-2.711918
791	-1.867579	-0.416042	-0.302893	-0.082966	-2.656264
792	-0.710813	-0.011125	-0.699191	-0.035165	-2.503068
793	1.722917	-0.584925	0.676739	-0.442241	-2.633870
794	0.274955	2.110323	0.197374	-0.470283	-2.606603
795	-0.683735	-0.225583	0.503248	-0.453756	-2.476091
796	-0.711706	-0.565983	1.067085	-0.482298	-2.341768
797	1.126450	2.695915	0.439272	-0.298868	-2.336127
798	0.625462	-0.376449	0.233974	-0.512908	-2.317499
799	-0.391353	0.732341	-0.313194	-0.257611	-2.259414
800	1.003094	0.194069	-0.714688	0.015652	-2.334376
801	-0.219688	2.064645	-1.092811	0.257691	-2.474459
802	1.029787	0.141157	-0.879126	-0.124864	-2.405643
803	-0.039004	-0.811004	-1.073532	-0.199679	-2.340115
804	-0.142918	-0.925410	-0.991901	-0.581685	-2.277352
805	-1.055816	1.656072	-0.864105	-0.258481	-2.386643
806	-0.261075	0.314841	-1.071568	-0.545366	-2.318136
807	-0.660702	0.997007	-1.239006	-0.507922	-2.421472
808	-1.152598	2.570450	-1.630253	-0.092109	-2.480213
809	0.399507	1.254390	-1.071998	-0.168773	-2.396006
810	0.588376	0.142194	-0.911611	-0.548406	-2.432099
811	-0.073895	0.040917	-0.350741	-0.515564	-2.341396
812	-0.903330	0.289506	-0.214316	-0.206228	-2.175257
813	0.141319	-0.331239	1.040369	-0.238508	-2.172281
814	1.652675	0.804523	-0.080372	-0.345094	-2.244318
815	0.491234	-0.311560	0.595284	-0.150457	-2.161309
816	1.582100	1.002426	-0.219187	0.186816	-2.034694
817	0.191844	-0.521343	-0.793974	-0.135829	-2.000073
818	-0.121138	0.868325	0.618945	-0.369975	-1.911493
819	0.183698	-0.662269	-0.638112	-0.407674	-1.885179
820	1.882271	-0.441972	-1.120388	-0.255755	-2.039830
821	0.739187	0.935916	-0.239225	-0.566048	-2.030349
822	0.278773	-0.878535	0.235944	-0.696203	-2.004173
823	-0.746041	-0.581208	-1.316623	-1.214512	-2.095412
824	0.012466	-0.564198	-0.461901	-0.818444	-2.084810
825	-0.077201	-0.682539	-1.074693	-0.761039	-2.039463
826	-1.312337	0.563991	-1.499559	-0.535079	-2.057095
827	0.394989	1.060714	-0.444207	-0.135467	-2.021616
828	0.938181	-0.328687	0.197758	-0.207042	-1.994137
829	-1.041830	-0.215223	-0.505545	-0.217849	-1.979914
830	-0.172168	0.003015	-0.121011	-0.582231	-2.018172
831	-1.991581	-0.492407	0.366461	-0.742030	-2.020989
832	0.235811	-0.381485	-0.429135	-1.074793	-2.008618
833	0.305484	-2.137281	0.303782	-0.788871	-1.969129
834	-0.327225	-1.350006	0.180691	-0.252273	-2.030596
835	-1.054336	-0.100810	-0.000283	-0.461951	-1.991331
836	0.977213	0.319578	-0.490224	-0.720440	-2.084755
837	-0.359631	-0.661462	-0.512387	-0.696911	-2.203520
838	-0.076454	-1.255056	-0.546411	-0.242468	-2.104714
839	-1.024085	-0.791357	-0.085753	-0.632332	-2.083253
840	-0.956624	-0.141995	0.234653	-0.265160	-2.006971
841	0.855776	-1.184652	0.887072	0.061644	-1.960044
842	0.473779	-1.382709	0.386131	0.111440	-2.000291
843	-0.440082	-2.051269	1.217577	0.298697	-1.918293
844	-1.012192	0.521905	1.085091	0.304331	-1.926831
845	0.087127	0.333742	1.432377	0.568805	-1.935889
846	0.332027	-1.100783	0.953160	0.566420	-1.951312
847	0.414365	-1.386106	0.619511	0.477716	-1.988096
848	1.597928	-0.821965	1.981987	0.578679	-1.890517
849	-1.177675	-0.706936	1.340514	0.676867	-1.868851
850	-0.367997	-1.526924	1.541950	0.708657	-1.960455
851	-1.824326	-1.146137	0.983330	0.929996	-1.889942
852	-1.523157	-1.549780	0.792659	1.397200	-2.002868
853	0.829576	-1.654629	0.345569	1.449451	-1.898556
854	-0.811352	-1.691672	0.489461	1.156925	-1.884787
855	-1.329911	-1.531910	0.258113	1.440718	-1.853947
856	1.046862	-0.987765	1.418899	1.290501	-1.781422
857	-0.730097	-0.602013	0.840392	1.035927	-1.653799
858	1.336579	0.069710	1.269032	1.096264	-1.778838
859	-0.924713	-0.162788	0.678465	0.850006	-1.692599
860	-1.774612	-0.809933	1.160061	0.755879	-1.554661
861	-0.979543	-1.498264	0.997846	0.998008	-1.667629
862	-0.045704	-1.415862	0.766656	1.180734	-1.684035
863	0.410968	-2.283335	1.410588	1.329553	-1.504769
864	-0.011335	0.689368	1.269055	1.143950	-1.382881
865	0.224010	0.308929	2.494890	0.515132	-1.495211
866	-1.124343	-1.319788	1.904330	1.340426	-1.650000
867	-0.423716	-0.809470	0.677383	1.612542	-1.678777
868	0.811326	0.006507	0.321248	1.333565	-1.546254
869	0.619805	0.662211	-0.292154	1.513126	-1.571403
870	0.053613	1.349129	0.760035	1.317325	-1.612818
871	-0.375501	0.056498	0.706219	1.225559	-1.776989
872	0.531920	-0.556302	1.098825	0.797293	-1.860534
873	-0.772757	-0.994018	1.288697	0.649258	-1.679679
874	-1.172854	-0.158287	1.640767	0.516460	-1.618626
875	-0.956432	0.245206	1.168935	0.163046	-1.773725
876	0.597872	-1.004253	1.341653	0.166986	-1.887766
877	-0.306361	-1.979758	1.117399	0.049741	-1.773506
878	-0.030471	1.852649	1.189379	0.469938	-1.639116
879	0.093468	-0.545087	1.671412	0.053358	-1.578676
880	-0.522578	-0.138501	2.049999	-0.306111	-1.620218
881	-0.952810	-0.482995	0.943235	-0.135462	-1.670996
882	-1.079581	-0.343127	0.900223	-0.306434	-1.714785
883	-1.186834	-0.466967	1.266466	-0.190979	-1.727123
884	1.002349	-1.477098	1.499897	0.122624	-1.709275
885	-0.219760	-1.025783	1.101434	-0.214143	-1.856090
886	0.565391	-0.993272	1.526019	-0.269947	-1.869408
887	0.765997	0.312979	1.353951	-0.469593	-1.787318
888	0.225486	1.655366	0.163623	-0.263296	-1.765065
889	1.374462	-0.649524	-0.204454	0.165906	-1.825669
890	-0.975319	-0.635956	0.605313	-0.271543	-1.824221
891	-1.047820	-2.086196	0.586121	0.232939	-1.900474
892	-0.990018	-1.979936	0.192518	0.007662	-1.855700
893	-2.806131	-4.054750	-1.654450	0.127655	-1.879984
894	-1.123359	-2.109143	-0.854963	0.024376	-1.892540
895	-0.389505	-0.700663	-0.834771	0.425641	-1.901016
896	-1.471208	-0.225864	-0.121944	0.163230	-1.809406
897	1.503617	0.175895	0.167930	0.375565	-1.866825
898	1.082186	-0.229617	-0.298347	0.234829	-1.978687
899	1.086720	-1.107945	-0.290726	0.236890	-1.846399
900	1.479643	-1.617267	-0.504536	0.319712	-1.837273
901	2.110110	-1.228558	0.483895	0.165960	-1.708970
902	-0.111304	-1.927143	-0.176980	0.462214	-1.685455
903	-0.823225	0.905062	-0.351481	0.604689	-1.570379
904	-0.495274	-0.464969	-0.352892	-0.042680	-1.668946
905	0.934801	-0.028409	1.043594	-0.480853	-1.783169
906	-1.293797	0.521013	-0.754325	-0.613681	-1.905386
907	0.822178	1.403397	-0.141399	-0.801825	-1.839169
908	-0.511913	-0.739620	-0.341577	-0.505778	-1.788445
909	-0.150064	-0.734373	-0.165063	-0.433133	-1.762444
910	0.697605	-0.798483	-0.015496	-0.162682	-1.657232
911	-1.106202	0.095750	-0.211034	-0.448742	-1.692809
912	-0.602438	-0.786941	-0.390007	-0.676187	-1.646157
913	0.680182	-1.110232	-0.653473	-0.194025	-1.591487
914	-1.162108	0.371925	-1.310555	-0.685613	-1.672076
915	0.747321	-2.097587	-1.228564	-0.516439	-1.638507
916	0.070477	-0.260414	-0.102989	-0.052508	-1.394055
917	2.661690	0.810333	-0.325689	-0.259094	-1.254383
918	-1.533343	-1.164898	-0.115721	-0.131100	-1.079965
919	-0.694400	-0.697881	0.198219	-0.128046	-1.035619
920	1.075878	-1.078637	0.418315	0.289613	-1.129785
921	-0.197993	-0.033016	-0.410382	-0.112939	-1.074583
922	-0.342624	-0.146804	-0.170266	0.069643	-1.167628
923	2.403542	-1.897340	0.272183	-0.534305	-1.232466
924	0.092446	-2.248522	-0.944124	-0.506519	-1.247916
925	0.564442	-2.204835	-0.196540	-0.112689	-1.278918
926	-0.551741	1.419738	-0.239128	0.103367	-1.266110
927	-0.143945	-0.092578	0.229526	0.347449	-1.464479
928	1.273429	-0.070931	-0.349522	0.041846	-1.531297
929	-0.133529	0.681967	-0.954642	0.068338	-1.368730
930	0.314206	1.250281	-1.514344	-0.187762	-1.409690
931	0.377849	-0.395799	-0.939574	-0.026493	-1.440517
932	-0.718216	-0.082553	0.730527	0.006313	-1.274801
933	1.943660	1.261287	0.175238	-0.074446	-1.248809
934	0.649988	-0.215663	-0.594624	0.276843	-1.285308
935	-0.918067	-0.861936	-1.545676	0.331191	-1.327620
936	-0.399570	-2.361202	-0.195578	0.234147	-1.319344
937	-1.431328	-0.214477	-0.338791	-0.011294	-1.336028
938	-1.123223	-0.323760	-1.245757	-0.214822	-1.375747
939	-1.149851	-0.023418	-1.137372	-0.007489	-1.336317
940	1.238545	0.161035	-0.660552	-0.166629	-1.297761
941	0.574966	0.101778	-1.418028	-0.048401	-1.400814
942	-0.780096	0.829646	-0.630707	-0.131074	-1.327281
943	1.167445	-0.026230	-0.505075	0.145166	-1.336990
944	-0.867499	-0.641383	-0.001161	0.245584	-1.567652
945	0.809991	-1.772801	0.355469	0.560992	-1.597620
946	1.234061	0.884562	0.387780	0.674316	-1.613005
947	0.232181	0.390260	0.381131	0.221829	-1.573004
948	0.276042	-0.618250	0.461299	0.750721	-1.496758
949	-0.277886	-0.691298	0.492657	0.641053	-1.255833
950	0.099708	-0.969535	-0.101888	0.590523	-1.290298
951	-0.150996	0.859241	-0.246841	0.429924	-1.538049
952	-1.241158	-0.580398	-0.606487	0.373560	-1.613008
953	0.260428	0.676680	-0.364030	0.368723	-1.596276
954	1.833570	1.228793	-0.709680	0.411702	-1.525775
955	0.572891	1.174718	-1.250707	0.209488	-1.539094
956	0.302381	0.509708	0.301344	0.410933	-1.639315
957	0.495110	-0.628476	-0.983681	-0.000079	-1.549144
958	-0.624288	1.706699	-1.214394	0.094123	-1.567409
959	0.742953	1.813977	0.249415	-0.420902	-1.562268
960	0.183362	0.708868	-1.157469	-0.150294	-1.588712
961	-0.149397	0.280365	-0.693056	-0.848361	-1.552048
962	1.112770	2.396069	-0.328465	-1.299522	-1.430013
963	0.580334	1.710094	-1.050635	-0.802931	-1.516980
964	0.411912	1.818116	-0.989259	-1.372669	-1.415493
965	1.572244	-0.404409	0.062464	-0.731127	-1.341341
966	1.011977	0.327302	-0.770222	-0.872289	-1.274830
967	-0.984583	-0.996481	-0.400706	-0.722743	-1.157100
968	-0.126301	-0.188344	-0.622894	-0.735726	-1.076270
969	-1.165960	-0.648236	0.481184	-0.664118	-1.048185
970	0.488208	-1.016702	0.062022	-0.666839	-1.110681
971	0.801993	-0.265237	-0.333620	-0.732971	-1.293208
972	0.494106	-0.933883	-2.043892	-0.578800	-1.309256
973	0.551594	-2.288391	-1.498994	-0.768986	-1.301992
974	0.503718	-0.903241	-0.622302	-0.597242	-1.280015
975	-0.160743	0.015633	-1.498522	-0.345127	-1.135486
976	1.796929	-1.002829	-0.405601	-0.077429	-1.044165
977	0.442802	0.635803	-0.940927	-0.405175	-1.060396
978	-0.402852	1.360065	-2.183995	-0.813375	-0.961976
979	2.889960	1.557398	-1.214768	-1.091297	-1.131446
980	1.224106	0.417325	-0.482154	-0.822165	-1.238193
981	-1.167176	-1.664757	-0.149754	-0.750416	-1.211552
982	0.296639	-0.928543	-0.055445	-0.420776	-1.150781
983	2.107484	-0.900059	0.518716	-0.930055	-1.258866
984	1.259245	-1.492227	0.824026	-0.838702	-1.144922
985	-0.560192	-0.581626	-0.080916	-1.216119	-1.010663
986	0.255953	0.114448	0.808292	-1.569264	-0.927495
987	-0.098756	-0.517972	0.881690	-1.417913	-1.081648
988	1.012386	-1.969588	-0.202046	-1.360707	-1.058093
989	-0.504696	-1.041597	-0.407174	-1.274512	-0.973276
990	-0.955653	-0.967306	-0.030839	-1.231392	-0.805262
991	0.620748	-0.825382	-1.142276	-0.841275	-0.742331
992	-1.549898	-0.122525	-0.172838	-1.411337	-0.776841
993	0.697324	0.566002	-0.759466	-1.398054	-0.726825
994	0.277551	0.463776	-1.324374	-1.620292	-0.824730
995	0.428497	-0.455713	-1.601379	-1.035650	-0.799978
996	-1.412776	-0.516361	-0.689591	-1.315035	-0.822951
997	-0.248595	-0.942903	0.369020	-0.590629	-0.745884
998	-1.083352	0.957473	0.741907	-0.315277	-0.692028
999	-0.870335	-1.112372	0.138114	-0.651589	-0.826778
